281 920
286 980
295 1039
310 1100
335 1158
380 1206
443 1240
513 1260
591 1261
664 1245
727 1212
784 1168
820 1112
835 1049
836 984
832 922
823 862
313 854
345 816
393 800
443 801
494 812
564 801
613 778
665 766
718 772
762 798
539 865
543 897
548 927
552 960
503 1023
531 1022
561 1022
589 1014
616 1009
374 913
401 899
432 894
466 902
436 914
404 919
621 882
647 866
678 863
710 869
683 882
651 886
456 1117
496 1090
539 1070
566 1075
592 1065
638 1076
693 1093
645 1122
603 1138
575 1144
545 1145
503 1138
473 1117
541 1108
569 1108
595 1103
676 1095
597 1102
570 1108
542 1109
